0 0.321250 0.202813 0.345834 0.086875
0 0.322500 0.271250 0.343334 0.087500
0 0.317083 0.337813 0.319167 0.073125
0 0.317917 0.396875 0.312500 0.071250
0 0.317084 0.455937 0.300833 0.076875
0 0.314583 0.507812 0.282500 0.078125
0 0.520833 0.449688 0.056667 0.184375
0 0.628750 0.194375 0.250834 0.063750
0 0.632916 0.262188 0.230833 0.058125
0 0.570833 0.434375 0.048333 0.157500
0 0.637084 0.295000 0.139167 0.042500
0 0.640416 0.325000 0.109167 0.033750
0 0.632083 0.414687 0.052500 0.131875
0 0.699583 0.431250 0.050833 0.153750
0 0.747500 0.418125 0.045000 0.135000
