0 0.085000 0.430113 0.167500 0.785179
0 0.087500 0.442777 0.165000 0.771107
0 0.110000 0.958724 0.071250 0.080675
0 0.111250 0.960600 0.068750 0.076923
0 0.168437 0.951219 0.073125 0.095685
0 0.173437 0.951219 0.060625 0.095685
0 0.263750 0.411820 0.138750 0.763602
0 0.237500 0.940431 0.065000 0.117261
0 0.238125 0.939493 0.066250 0.119137
0 0.268437 0.415572 0.126875 0.756098
0 0.310312 0.923077 0.073125 0.151970
0 0.310312 0.922139 0.070625 0.153846
0 0.380312 0.378987 0.135625 0.686679
0 0.389375 0.906661 0.061250 0.177299
0 0.393750 0.905722 0.067500 0.186679
0 0.489062 0.892589 0.066875 0.212946
0 0.490625 0.887429 0.058750 0.223265
0 0.509688 0.354127 0.091875 0.644465
0 0.571875 0.874297 0.086250 0.249531
0 0.571875 0.875235 0.081250 0.247655
0 0.609063 0.341464 0.098125 0.560975
0 0.611563 0.342402 0.098125 0.559099
0 0.680937 0.854127 0.073125 0.289869
0 0.680937 0.854127 0.073125 0.289869
0 0.719375 0.326923 0.091250 0.578800
0 0.722500 0.325985 0.092500 0.576924
0 0.810625 0.834897 0.110000 0.328330
0 0.811875 0.834897 0.107500 0.328330
0 0.804688 0.333958 0.074375 0.484053
0 0.810312 0.329737 0.078125 0.492495
0 0.889687 0.810507 0.109375 0.377111
0 0.892187 0.810507 0.104375 0.377111
0 0.888437 0.402440 0.068125 0.532833
0 0.887813 0.407129 0.064375 0.538461
0 0.914687 0.388368 0.069375 0.452158
0 0.914687 0.385553 0.066875 0.446529
0 0.949375 0.291744 0.053750 0.377111
0 0.951875 0.290807 0.058750 0.371482
0 0.973125 0.650093 0.052500 0.159475
0 0.976875 0.649155 0.045000 0.161351
