0 0.480000 0.492084 0.960000 0.960833
0 0.260625 0.219583 0.087500 0.439167
0 0.336562 0.282917 0.064375 0.494167
0 0.374062 0.248750 0.054375 0.410834
0 0.413125 0.242500 0.046250 0.410000
0 0.450937 0.242083 0.050625 0.380833
0 0.490000 0.220417 0.042500 0.369167
0 0.524063 0.210834 0.041875 0.331667
0 0.558750 0.200833 0.038750 0.315000
0 0.598125 0.180833 0.037500 0.271667
0 0.640313 0.165834 0.030625 0.256667
0 0.676562 0.162083 0.028125 0.234167
0 0.719375 0.139583 0.028750 0.207500
0 0.956250 0.237084 0.086250 0.439167
0 0.980000 0.233333 0.038750 0.425000
