1 0.111250 0.807956 0.028750 0.266039
1 0.144062 0.802395 0.029375 0.273738
1 0.178437 0.802395 0.039375 0.280582
1 0.223438 0.797262 0.044375 0.306245
1 0.264375 0.780582 0.042500 0.327631
1 0.322500 0.766467 0.041250 0.345594
1 0.366875 0.741232 0.045000 0.385800
1 0.428125 0.713858 0.055000 0.450812
1 0.506563 0.699743 0.058125 0.492729
1 0.580313 0.662960 0.064375 0.559452
1 0.655938 0.646279 0.071875 0.599658
1 0.739062 0.619333 0.094375 0.656972
1 0.818125 0.600941 0.106250 0.693756
1 0.897188 0.583404 0.121875 0.711719
